2448 10 8    875678 8 8 765 865678 7 78 5432568    43456 8775458 34567 531234 212 65410123 876544578
12378  878 88 547  87878 543 768   6567 874345678 8 254 876543478 5 78 64 34 8 0 87 32123  775433457
0146  876 8778   87665678 32 87 5 87678 76545678 67 102  654323578 8  87 8  878    86423 86543012456
12356 76576567 8   5234678  8 8 43  88  878 67  458 23 865532136  678   878 5678  8765456 7652123567
23457 8 43234567  8434578 5476 8 238   8 8 878 134 8 4  743210123458   8767845678  8765678 76323478 
345678 8 217678 8765578  7634567 3478 87    8 201  78 87654 264345678 8765623 78 34 87688  8743458  
45678  78 238  6 87678   654567  85678 67    321 87654 876 8 7645678 875432178  12 8 87  21 65456 68
567  8767 34 8 54 8 8 2 8765 78 8768  458 8  4345 85434 8 878 87678 1 8 563268 323 77 8 8 0 87568 56
87 8 86568 5678 34 7 534 8  8  5 87 5434  7 8 576 863210 7 6   878  01 875445 545 8665 67 1  8678 45
  878 345  678 42346 6457 8678 45 8 432 876778 87  8 32356 568  8  8 2   66568 5 8754445 8 8  78 434
02 64323678   4312378  78  54 2345 657 87655678 8  876356 8457 1  878 8 8 7678  8685323 8787  8 6545
  87 54456  7  10145678  87656 4  8 68  87434678  876546 87356 2 8 6567678 78  8754321 8 6567   8678
85 8 658678 688 123458     7678 8778  78 654578 32 876 7 865 78  76546456 8  8  8 544 87654588   8  
645 876788 4567 33658   8 8 78 876578 67 87668 6212 8 8   768   87643534 878 78  8765 7654345678    
4345 878  43456 445678 8767 8 4  867 6567 8878 532    78  87 123 843212 87678678  87 8 76545 78 4 8 
3257  8   856778 567    65 8 4323 8 8 45 8  8  67 887567   8 0245 5432 8755345678  8 7   7868  23 78
476 87 6 8767 8 8       54678 454  67 5 8767  8  87664568   213  8 54 8764421358 78 8678 8 78     66
56 876545  88  5678  878 35578   86567   856867 8765434578 543 8878 67  632102345678 5 8       87755
7 87654346   43456 8765432345678 7434 8876456568  7 32358 865  76578   754321234 7  3467  878 876543
8  84312378 4323456  84321234567 562 87654323456 8 7212678 7 87654567  8756344568 53235678 567  7312
 876532356 654345 7 876832745878 4312 854321234 876534678 7    8678  8 876545667 431012 8 34  8  101
8  76434 78 764578   87 43656 8 8 443 8764302578 876456  56 8   88  778 876567 8 43212 8 02 8 7 8 12
78 8 54 8  8 7567 78  8654578  67  545  8532348   8 5678 6 87 8   86668  87678    7625678  8786878 3
666 86  7 87  68 56 67  6878 345678 58   5434568 5 7688   87657  8755578  8 8   87653478  8766556 54
5456  87687678  345756 878  026788 767 8765456  346 7  78  6548 876434678    68  8764 8  876543478 5
3346 8 65465678 2363456 8 43 878   878  8775678 457  856 78 3233 8432356   8 5 78  856 56 654323678 
125 878 433456 7101235   4321 8 654 8    8 678 656 876455678 1023 854456  8764568   678  854321348  
34 8 678 12577 624567 8 654201 65432 678  878 877 0 84354578 3   87656878    3478  878 8 7654327678 
65 7658  2 6 8 5456  878 6721  7 32135678  8 3  8 12 3212568  878 8 678  6878 56 01 8 87 887653578 5
7 7654678 8     76 887678  3 87 8  0145     0125 32 43103457 8768  8 8 7657678 78  7 8768  87676  04
 8754345567  8 8  87665878 46 657 8 23 8  8 12345  865214 6 876478 78 7654656  8  865 6578    8 8 23
8 7651354568 7678  85745678  854687 3 878 7 2345 8765434 8 76453665688 5432467   87542348  21  878  
7684101235678 568 5 40348   87434568 8767568 4567 87654 876653424345678 5213568   765345678  8765678
654321245678 34  5432123 12 86323478 765445   6 8  87656 654321012345678 101 8 67 87646678  87664656
87543265678 54578 54 4345 3  521558  85432 8 8 8 43 878 877 45242545678 32167 6545 878788  876543247
 8654 8 78 76568 76 8 45 8 87432367 876553 767678 20 8 6  8 5 65675678 64345 8 4344   8     87432018
3 7656    7 788     78  87 865454567 8766 8 545678 23 6543 768767  78 875   878 232345 78 8  7672126
2 88 78  865     886678  65 7656678 1 87 875434678 3 65432 87 878  8 3 8 888 68 10123456 878 8743345
10  7   875456  87645678 534 86878 723  876431238   8 65412 8  8  7 312 8776456 234   6 87654 656456
2345678 87656 76  8 678 8323 87 8  6445  842102678 878 73237    87654  8765436 8 4 888   6543  87568
645678   8  7 6567 878 875123     878  8765322348 8 6 8 754678   87  86 876545678  767  8765 8  8 78
7 878 8      8 4    8 6543234678   8 54   543455 8775678 65678 8   87654 8 65678 88756 8 8  878   8 
8  8 778   8672378 3   8743468      8732 875476 8 664567 7678 678    5432  7678 876545878   76788  4
    8656  86561267 20 87654578   8  65101 8656 87654346   78 458 8 8765213 8 8 87654345678 765456 43
 8 8754 87654324568 13 87 767 8767 8 3213 87678 87651078  8 234 876 8832012 7   876745878 86543478 2
776 8656 8 6567567 8 45 8   8 7655 78  2    7    543218    434 87654  64323456   87756 8  6543257 43
6543 7 7  8 87867 878 67 7 8 8754346678 8   8  8765432 8 8654 876543 87 4355678   8 878  87 64348  4
7656 8  8 68 8 78 767 7 86877 54323456 878   78 876643678 7678  86321  8 4 688     1   10  87645678 
8 678  876568  8 8 578 8756667 883456  768   651 8 8545678 78   64210 878 8    878 0  7  8  878878 1
 8     76545 8  8734678 54555 876457 87656878 423   678 8    1 875 2 8767678  87678 8 65878  8  8 10
76678  6573 878  6234578 35345 8 568  85456678 457 8 8 8 6 8 23 8 8   85658 8 7658 87854567   78 323
65568 8743235678 410348  212567 4 8  8 324658 657 878  765678    86788 4347678 43 87656347  8 6 5434
43456  53212478 532128  8 0 6 8 34  8763123456 6  76 78 5456  886756778 21258 5321   43256 878 8 656
3212 876430458 7645237 878 8 8 12356  542347678 8 757678 567 87654445678 23478 430 873212 876767 867
43245 873212678 756746 8688767 03457 874345678  78 434568 78  854323458 4345678 32 65433 8765458   8
543567 543235678 878  765876567 4567 76545678 8765612348  8   64321246 6546778  4 87864 8 6543434 8 
768 78 85434678 8 8  8654335478  678 8 65678 87654101367     875210235  7878   8     7 878 762125678
87  8 87654578 678  8765321634568 8   87 78 8 654321235678    8647124678       78 654 8767  8103478 
  8    87 878 6567   8872101234578 8 5 8 8 67 8654523467   8   75643567 45 88 8678 43 865878 21578 5
877 88  8  8 6546788 876541234578 76532 2 458  76 6 45 8 4878  867567 8 3 876765678 2  5456 43768 34
7656767  67   6345678 8743235568  54321012347 8 78 8 67 437678   8678  32 7654434456 8743458 487 024
6545657  567 874578  87654346678 875445323456 78  878 8 1245678 1 78  4212 84321234 876545678  8 126
743754678   876578 76  76567788    66568645  76548767  1012378 32 8  8 32 8765434556 87676 8 43 4234
53214345  8   7 8 865  876788  87 87767 75 87654376568 2 23457      878 35 8 65478 78 87 8   5 65345
32101256 878 1 8  8748  8 8   7667 8 8  8   654322545   8 4767 878 876 8 67 87 567     8  878 876486
5421336 876  2 78  656   3  8765567    8 5 875421013 8 878  78 76 8765878 8  8767  8 8  345678 87587
65335456 7578 65688 678 7213 874467 8 76545 8753242 87656   8 8 54 8832678 65 8  887678  56 8 2 87  
868 6667 7678 345678 8 8643 8 8335577  64343 8643534 8345678 578 34  4348 8743  876545678 78 210 8 3
 78 8 78 8 8 123458 0  875 878 21546688 32123 6586  8 23458 878 323 8546    3210 654345678  4331  32
6     8 8 2 2012367 1    6 76 2101245678 343 87   87671236   8 431 876578  8 42 85432578  53    8743
458    87 34 24 5678 8 54 8 78 32235678 5454   8 87654236 8    4301 87678 67 5 876301       878 8654
35678 4567  8767688 678  87 8 65435878 7656 8 778 8765445678  8 2123   8 4568   6521 8  8 8 767 8786
1678 4345678 8 87  4567 8667   8546 8  877 8756678 87658678 6578  34 8  434345 8743 87 87 75456  8 8
23  432345    7 8 13458 755678 76567 87 8 8754556    76788 6545 78   78 4212346 854 867867 78678  4 
7488 014  8   65 8 456 86434   87678 567 876523457   878  6573456  87678 1012356 65 7534567  78 1234
6567 1  876788 4 78 67 87565678 87   47   8 4345678 4 8 865432345 87658 8 13445 876 432345 8   74345
7678  87765767  76 8  2 8 788  2 8  85678 87675678 12  1 7654  57   54 878 65678 8 8321046778 765457
8 8  87655465678 5878 10  8  6210   767     78 7  3248 0 876 88  87653 7678 878   87433123567 876788
 8  876543234 8 545678 1 8 874323578 78        8 543678 6 8 877  76542 87  1 8   876544434678  878  
 78  8765212 8 543456 8 87 765487678     88 8    6547  457 876688 43212  8 01   8  76556758  8  8  7
768  8754301 78 5234 876568  67  7   8  876578  876 8 223 87655678 21013568 23 8765 867786 7678   76
857   765 1 86 7634 8 6545678   8    7 876545    8   101 87654356 8 21234568  876543  88 78 5678 765
  8   87 8 8758 78 87765323  8876 8 765  765678   8   1 876543245678 236588 21 8 658    2  34 8   76
   78    7632368    6543212 87865878 5432 7678   878 8   8743213678   8767 2101 8 678  21012 8   8 7
 87656 8775212457  8765210 8 6544468  1012 8     86  78   6543245678 1 8 8 521 878 8 8765123478 878 
 87643 765430235678 65432 8765432345 8 133  74 876456678  8764356 8 434 0  43 87678  765425456  767 
8 8754 8 764134688  767434 874321234578   76534 8432458 87 878 878  645 1 8 4 765678 87653656 876567
76 86    8656558    8 8 456  541034568  8743123 73213456 65     8  876 8 878 875457 8 87758  8665458
656  8   876778 67   4 876 8763212367 56 6540  8653287678 321 87 02   87 7678 76345678 876 876532367
746 878    7 8 75678 34 878 8783238 8 4 8765 8 876567 78 3210 767  323 65458 76545778 6  78  8745456
435 7678 8 8  76457 65   8 5 8 43578 432 87 876 87878 8 6434 865 88 3  8 56  878 7 8 878 8 8  876567
32 86578 76 34 53568  8 6 542 75767 87437 8  878 8 8   878 5 6545678 8  768 7 8  8  7 8 4 67 8 87878
41 65456 5432 83248   76543312 6778  65467 67 8 5 7 57  8 8 8 4345   78 87 567 32 4567 3245 878 8 8 
  8 43478 545 7535678 6543210 8788 68  57 45 8 84767488  87878 45678 674 8 67 42123  8 21  87678 0 4
8 765458 7656  64678   6543256 8  756 8 8   876734563478 867678 688 65432 878 5623 88 43 8 66578 123
7 8766678 76 876578   878543457 8654 878 68 87542101236 87545678   87 6510   3 7  8778 5 76554678 34
65 87878  878  7678  5 887545678 323456 6567 8763232345 6543678      8743237 23 876567  8654435678 5
742 8   32 8 6 878 6845 876568  42126 8 343 8765434345 876545    8765 8544467  876545 8765432128    
3212 458 3  456 8 654345 8767 65320178 32123  765454678 8 658  8776545 665678 87654345 8765410125678
210123678 8768   8743247  878 7653428 4310123 87667578   87678 7654326 77878    8212345 886531234567
