0 1 153 990 1351 1502 
1 0 512 706 758 
2 3 4 272 490 
3 2 59 916 1507 
4 2 50 390 913 955 974 1297 
5 6 7 8 9 
6 5 531 559 1127 
7 5 189 1269 1389 
8 5 176 1351 1391 
9 5 22 23 24 
10 11 463 953 986 
11 10 390 760 981 1471 
12 13 14 15 16 
13 12 146 519 914 
14 12 571 982 1438 
15 12 89 1246 1282 
16 12 983 1188 1418 
17 18 19 1226 1414 
18 17 382 806 1213 
19 17 617 631 1051 1225 
20 21 937 1077 1280 
21 20 135 228 650 835 1000 1001 
22 9 92 255 448 480 
23 9 253 771 1379 1437 
24 9 1236 1327 1464 
25 26 27 28 29 1144 
26 25 31 475 623 
27 25 232 660 877 1014 
28 25 283 908 1213 1386 
29 25 331 746 831 1042 1145 
30 31 32 33 34 1443 
31 26 30 298 988 
32 30 708 1382 1496 
33 30 444 708 1416 
34 30 63 606 1357 
35 36 69 609 735 
36 35 52 250 579 748 826 931 1295 
37 38 39 40 1449 
38 37 397 604 846 
39 37 1063 1160 1217 
40 37 1110 1133 1326 
41 42 43 44 1499 
42 41 533 620 901 
43 41 67 418 497 
44 41 66 1159 1231 
45 46 47 48 49 240 567 
46 45 48 269 1210 1482 
47 45 84 187 513 1174 1416 
48 45 46 738 993 1415 
49 45 411 503 1264 1323 
50 4 51 161 249 673 984 
51 50 588 769 1097 
52 36 53 54 55 127 680 
53 52 936 966 1492 
54 52 111 157 449 1283 
55 52 158 159 276 292 470 671 
56 57 58 59 60 61 62 
57 56 928 952 1147 
58 56 390 858 884 
59 3 56 501 1297 
60 56 776 864 1077 1229 
61 56 539 697 796 
62 56 493 494 589 1072 
63 34 64 586 727 1111 
64 63 878 1027 1061 
65 66 67 68 804 956 
66 44 65 887 1010 
67 43 65 459 566 
68 65 1034 1203 1240 
69 35 70 71 1302 
70 69 538 646 1087 
71 69 98 685 1345 
72 73 222 1131 1214 1366 
73 72 574 840 985 1331 
74 75 76 77 78 332 
75 74 523 1261 1296 
76 74 169 212 345 671 808 919 
77 74 575 648 719 936 1245 1292 
78 74 79 80 564 
79 78 519 527 1108 1291 
80 78 696 1104 1436 
81 82 83 84 85 
82 81 409 472 770 1432 1444 
83 81 503 570 988 1260 
84 47 81 473 541 969 1058 1074 
85 81 421 1094 1285 
86 87 88 89 221 
87 86 114 1001 1024 1310 
88 86 492 673 1138 1322 
89 15 86 490 499 619 1182 
90 91 92 296 1389 
91 90 227 280 581 618 1332 
92 22 90 812 1194 
93 94 866 1365 1373 
94 93 811 1170 1319 
95 96 97 204 300 730 1261 
96 95 730 866 1483 
97 95 193 960 1215 
98 71 99 1192 1293 1469 
99 98 318 446 1297 
100 101 502 1196 1462 
101 100 815 1058 1430 
102 103 758 1004 1010 
103 102 1249 1394 1439 
104 105 106 1112 1158 1495 1506 
105 104 365 366 1333 
106 104 291 372 397 398 
107 108 155 394 807 1343 1460 
108 107 782 1184 1286 
109 110 111 112 596 
110 109 237 676 1082 1452 
111 54 109 180 194 718 1097 1098 1504 
112 109 433 553 1452 
113 114 115 116 1278 
114 87 113 818 1303 
115 113 759 768 810 
116 113 231 495 651 675 1215 1216 
117 118 722 772 1314 
118 117 378 734 1155 
119 120 121 122 1509 
120 119 646 938 945 
121 119 858 1293 1339 1412 
122 119 955 1164 1279 1316 
123 124 125 126 496 
124 123 620 976 1287 
125 123 393 901 1353 
126 123 154 270 1243 
127 52 128 129 1453 
128 127 507 718 1303 1361 
129 127 385 484 883 
130 131 132 133 134 593 
131 130 475 1177 1197 
132 130 189 266 747 817 1185 
133 130 714 785 845 
134 130 253 472 555 851 1391 
135 21 136 300 945 
136 135 763 1331 1370 
137 138 139 140 596 1453 1480 
138 137 523 611 1318 
139 137 274 312 730 1229 
140 137 420 935 1179 
141 142 143 144 1379 
142 141 214 216 1372 
143 141 714 862 1230 
144 141 350 580 1352 
145 146 344 1162 1290 
146 13 145 336 939 
147 148 149 150 151 
148 147 496 1085 1347 
149 147 540 706 738 1372 
150 147 306 368 370 1196 1236 
151 147 224 793 816 
152 153 154 155 568 852 1490 
153 0 152 1038 1045 1046 
154 126 152 508 1007 
155 107 152 291 471 
156 157 875 946 1124 
157 54 156 285 1130 1408 
158 55 1130 1179 1193 
159 55 352 423 1400 
160 161 162 464 1275 1276 
161 50 160 788 904 1312 
162 160 890 1090 1137 
163 164 165 166 167 1328 
164 163 193 339 361 470 
165 163 449 553 1025 
166 163 526 590 808 
167 163 237 634 1175 
168 169 170 1349 1514 
169 76 168 947 1362 
170 168 666 750 995 
171 172 374 579 651 
172 171 274 915 920 1304 
173 174 1031 1353 1414 
174 173 677 1068 1344 
175 176 177 178 770 
176 8 175 1009 1048 1458 
177 175 227 798 1151 
178 175 298 1224 1230 
179 180 181 182 611 
180 111 179 433 720 861 
181 179 230 318 374 
182 179 490 505 809 977 
183 184 185 186 1378 
184 183 516 1482 1490 
185 183 448 1032 1347 1397 
186 183 727 1177 1257 1409 
187 47 188 189 190 
188 187 842 1005 1338 1468 
189 7 132 187 309 617 766 1239 
190 187 327 443 1198 
191 192 193 194 195 
192 191 210 686 1313 1498 
193 97 164 191 667 742 856 896 1438 1477 
194 111 191 652 663 1084 
195 191 200 682 754 794 942 
196 197 198 199 1359 
197 196 325 831 1202 
198 196 633 637 1425 
199 196 756 838 972 
200 195 201 922 1313 
201 200 695 1079 1136 1164 
202 203 637 1127 1409 
203 202 226 1157 1491 
204 95 205 206 389 880 
205 204 603 914 1238 1466 
206 204 917 942 1465 
207 208 209 210 211 
208 207 616 888 1214 1259 
209 207 446 613 1283 1440 
210 192 207 1078 1141 
211 207 589 656 1401 
212 76 447 916 1115 
213 214 1092 1364 1445 
214 142 213 243 1180 
215 216 217 218 219 220 
216 142 215 992 1393 
217 215 498 729 737 1299 
218 215 291 310 976 1241 
219 215 365 369 657 
220 215 384 619 856 
221 86 222 223 1336 
222 72 221 680 1478 
223 221 263 895 1400 
224 151 225 226 227 
225 224 305 710 1029 1359 
226 203 224 515 852 
227 91 177 224 1382 
228 21 229 230 231 
229 228 529 649 885 931 998 
230 181 228 387 388 389 390 
231 116 228 319 663 791 
232 27 233 234 235 
233 232 583 1248 1254 
234 232 306 382 383 
235 232 1013 1470 1511 
236 237 238 239 1362 
237 110 167 236 376 966 1076 
238 236 342 434 1311 
239 236 978 1186 1279 
240 45 241 242 243 244 
241 240 393 1380 1467 
242 240 451 677 739 
243 214 240 545 817 1374 
244 240 279 1376 1476 
245 246 854 1263 1430 
246 245 876 909 1120 
247 248 249 250 1099 
248 247 769 896 983 
249 50 247 571 825 1312 
250 36 247 707 811 875 1274 
251 252 253 254 1378 
252 251 715 1444 1470 
253 23 134 251 733 
254 251 878 1055 1134 1307 
255 22 256 257 258 1171 
256 255 1069 1144 1486 
257 255 757 1042 1445 
258 255 328 459 1441 
259 260 261 262 530 1350 
260 259 401 535 847 
261 259 608 1172 1493 
262 259 1177 1368 1455 
263 223 264 265 285 490 
264 263 809 929 1019 1278 1509 
265 263 682 810 952 1024 
266 132 267 268 269 
267 266 284 745 1289 
268 266 282 1171 1364 
269 46 266 1033 1369 
270 126 271 1054 1326 
271 270 736 744 1207 
272 2 273 740 818 
273 272 483 754 981 
274 139 172 275 276 
275 274 652 762 1238 
276 55 274 390 1082 
277 278 351 658 1446 
278 277 690 891 1174 1228 1277 1357 
279 244 280 281 282 
280 91 279 1148 1352 
281 279 489 771 1326 
282 268 279 284 737 
283 28 284 1184 1371 
284 267 282 283 724 815 950 1004 1148 
285 157 263 286 287 
286 285 688 865 1216 1336 1454 
287 285 941 951 1187 
288 289 290 512 606 1493 
289 288 1272 1433 1463 
290 288 367 708 812 
291 106 155 218 586 
292 55 293 294 953 1498 
293 292 669 670 1018 
294 292 777 953 1366 
295 296 297 298 299 607 847 
296 90 295 746 747 1249 
297 295 793 805 1127 
298 31 178 295 328 1134 
299 295 659 747 1307 
300 95 135 301 302 303 
301 300 483 1162 1305 
302 300 376 721 1301 
303 300 574 1322 1361 1454 
304 305 1286 1381 1417 1485 1503 
305 225 304 1030 1113 1288 1337 
306 150 234 307 395 
307 306 1013 1317 1473 
308 309 310 311 833 933 1321 
309 189 308 606 1265 1399 
310 218 308 954 1155 1495 
311 308 444 747 805 1315 
312 139 313 314 644 
313 312 424 519 1204 1301 1472 1479 
314 312 334 662 1188 1469 
315 316 317 799 1330 
316 315 650 1267 1427 
317 315 354 458 654 
318 99 181 319 320 
319 231 318 978 1513 
320 318 572 1071 1298 
321 322 323 324 1369 
322 321 412 421 1102 1244 1368 
323 321 569 665 709 
324 321 469 1058 1180 
325 197 326 1241 1347 1382 
326 325 357 658 1254 
327 190 328 329 330 331 
328 258 298 327 479 1506 
329 327 585 806 1039 1264 1417 
330 327 541 993 1033 1047 
331 29 327 467 1232 1404 
332 74 333 334 335 
333 332 526 527 1290 
334 314 332 341 577 
335 332 485 643 857 874 
336 146 337 338 339 
337 336 836 1084 1209 1385 
338 336 971 1290 1339 1472 
339 164 336 565 759 760 
340 341 342 343 344 717 1322 
341 334 340 719 1081 
342 238 340 635 930 
343 340 423 886 1076 1478 
344 145 340 681 1387 
345 76 346 347 573 875 
346 345 749 790 1348 
347 345 392 457 1363 
348 349 350 351 1309 
349 348 535 581 954 1148 1347 
350 144 348 357 1040 1121 1308 1324 
351 277 348 1133 1240 
352 159 353 379 1253 1316 
353 352 465 683 789 
354 317 355 356 929 
355 354 419 996 1471 
356 354 808 921 1150 
357 326 350 358 488 
358 357 898 910 963 1031 
359 360 361 961 1472 
360 359 640 1164 1438 
361 164 359 921 1261 1306 
362 363 364 1025 1081 1471 
363 362 403 1076 1329 
364 362 880 1305 1387 
365 105 219 366 1012 
366 105 365 413 604 
367 290 368 369 1109 
368 150 367 733 1173 1380 
369 219 367 933 1145 
370 150 371 372 373 
371 370 607 621 898 
372 106 370 576 1470 
373 370 536 690 1133 1467 
374 171 181 375 376 768 
375 374 825 1059 1358 
376 237 302 374 521 728 
377 378 1135 1199 1486 
378 118 377 659 1321 
379 352 380 381 1384 
380 379 388 391 840 1320 
381 379 579 987 1088 
382 18 234 547 924 1404 
383 234 393 1030 1043 1166 1269 1288 
384 220 385 386 824 
385 129 384 1428 1466 
386 384 999 1302 1489 
387 230 699 707 810 
388 230 380 894 971 
389 204 230 704 705 
390 4 11 58 230 276 517 947 980 1019 
391 380 392 646 1153 
392 347 391 1059 1136 1481 
393 125 241 383 394 395 396 
394 107 393 582 1289 
395 306 393 739 829 
396 393 479 1222 1224 
397 38 106 764 1119 1337 1496 
398 106 975 1173 1194 
399 400 573 698 1373 
400 399 752 1235 1509 
401 260 402 969 1083 1226 
402 401 745 908 1030 
403 363 404 405 406 
404 403 578 610 989 
405 403 505 946 1018 1447 
406 403 675 752 1348 1419 
407 408 409 410 411 412 413 
408 407 1113 1168 1343 
409 82 407 1010 1486 
410 407 637 785 1197 
411 49 407 461 462 
412 322 407 580 631 
413 366 407 600 1094 
414 415 416 1074 1468 
415 414 467 738 1432 1487 
416 414 417 509 829 1208 1321 
417 416 418 630 965 
418 43 417 664 949 
419 355 423 646 1291 
420 140 485 561 1219 
421 85 322 422 1473 
422 421 638 1212 1294 1463 
423 159 343 419 424 446 
424 313 423 774 935 1421 
425 426 427 428 429 430 431 
426 425 457 458 603 920 1084 
427 425 760 1360 1513 
428 425 788 789 790 791 
429 425 518 925 937 1322 
430 425 866 1131 1181 
431 425 553 1192 1442 
432 433 434 1019 1193 
433 112 180 432 518 689 1422 
434 238 432 439 994 1161 1214 1296 
435 436 437 438 439 440 
436 435 824 858 947 
437 435 649 681 1205 
438 435 596 1137 1138 
439 434 435 981 1418 
440 435 925 1181 1365 
441 442 1044 1376 1404 
442 441 737 1121 1354 
443 190 753 1266 1380 1382 
444 33 311 445 487 1176 1431 
445 444 767 1399 1451 
446 99 209 423 447 1188 
447 212 446 587 1234 
448 22 185 691 932 1026 
449 54 165 506 983 1136 
450 451 452 660 1294 
451 242 450 545 1476 
452 450 548 581 876 
453 454 455 456 1507 
454 453 528 529 1126 
455 453 517 941 1229 
456 453 894 987 1022 1183 
457 347 426 1295 1363 
458 317 426 514 755 
459 67 258 460 534 1176 
460 459 1041 1052 1446 
461 411 1066 1228 1371 
462 411 595 753 1199 
463 10 464 465 466 
464 160 463 1428 1513 
465 353 463 774 919 
466 463 938 979 980 1140 
467 331 415 468 469 1061 
468 467 906 1206 1341 
469 324 467 509 510 511 1414 
470 55 164 886 943 
471 155 472 473 474 475 
472 82 134 471 779 780 
473 84 471 991 1040 1269 
474 471 625 630 1485 
475 26 131 471 870 933 1450 
476 477 478 813 898 1184 1368 1437 
477 476 700 1439 1494 
478 476 734 993 1355 
479 328 396 487 700 1196 1201 
480 22 1057 1094 1353 
481 482 483 484 485 
482 481 959 960 1318 
483 273 301 481 688 1165 
484 129 481 735 881 1137 1295 1469 
485 335 420 481 526 790 
486 487 488 489 530 
487 444 479 486 1151 1272 
488 357 486 722 1109 1325 
489 281 486 786 1470 
490 2 89 182 263 1100 
491 492 493 494 495 
492 88 491 741 826 
493 62 491 874 980 
494 62 491 959 1346 
495 116 491 546 775 
496 123 148 497 498 
497 43 496 504 1119 
498 217 496 503 1395 
499 89 500 501 520 
500 499 728 1305 1478 
501 59 499 735 1143 1204 1348 1392 
502 100 503 504 1390 
503 49 83 498 502 599 
504 497 502 513 1203 
505 182 405 506 507 
506 449 505 634 735 
507 128 505 683 939 995 
508 154 1381 1494 1495 
509 416 469 601 1222 1376 
510 469 540 852 1050 
511 469 515 902 967 
512 1 288 513 1171 1232 
513 47 504 512 1027 1372 
514 458 526 881 1020 
515 226 511 516 1260 
516 184 515 782 1009 
517 390 455 518 519 1384 
518 429 433 517 835 
519 13 79 313 517 1484 
520 499 521 522 523 
521 376 520 561 791 
522 520 760 777 1001 
523 75 138 520 588 
524 525 823 1117 1239 
525 524 712 854 1263 
526 166 333 485 514 1215 
527 79 333 546 609 
528 454 669 1370 1388 1466 
529 229 454 1079 1080 
530 259 486 531 532 533 
531 6 530 556 963 1048 1251 
532 530 580 620 1487 
533 42 530 569 1381 
534 459 535 536 537 
535 260 349 534 975 
536 373 534 712 832 833 
537 534 990 1103 1435 
538 70 539 894 1291 
539 61 538 819 1227 
540 149 510 1047 1354 
541 84 330 1176 1239 
542 543 544 609 918 
543 542 996 1318 1385 
544 542 653 698 859 
545 243 451 926 1014 1167 
546 495 527 984 1418 
547 382 558 828 1359 1474 
548 452 549 1308 1315 1332 
549 548 591 1156 1488 
550 551 552 553 554 
551 550 778 1020 1142 
552 550 613 945 1234 1283 1436 
553 112 165 431 550 1233 
554 550 1181 1298 1412 
555 134 556 557 558 559 
556 531 555 783 1230 
557 555 793 872 1288 1494 
558 547 555 926 1056 
559 6 555 817 1243 
560 561 613 1116 1298 
561 420 521 560 1088 1349 
562 563 564 565 1453 
563 562 602 721 1071 1422 
564 78 562 575 1170 
565 339 562 801 1082 1469 
566 67 567 568 1499 
567 45 566 595 729 
568 152 566 753 1063 
569 323 533 570 633 1317 
570 83 569 1444 1500 
571 14 249 572 774 1258 1305 
572 320 571 959 1220 
573 345 399 574 575 
574 73 303 573 762 1280 
575 77 564 573 642 789 
576 372 1128 1236 1333 
577 334 759 1131 1400 1465 
578 404 579 973 1422 
579 36 171 381 578 653 689 
580 144 412 532 594 1497 
581 91 349 452 582 
582 394 581 630 893 
583 233 584 585 586 
584 583 1337 1341 1463 
585 329 583 962 1497 
586 63 291 583 617 879 1265 1464 
587 447 588 1071 1422 
588 51 523 587 803 936 1100 1104 1311 
589 62 211 590 1262 
590 166 589 634 666 935 
591 549 592 593 594 595 
592 591 608 832 1063 1347 
593 130 591 691 692 693 
594 580 591 910 1272 1299 
595 462 567 591 820 834 
596 109 137 438 597 598 
597 596 777 1019 1021 
598 596 860 925 1108 1478 1479 
599 503 600 601 1054 
600 413 599 1236 1251 1299 
601 509 599 661 876 
602 563 603 750 1292 
603 205 426 602 850 
604 38 366 605 1144 
605 604 731 798 1433 
606 34 288 309 607 1248 
607 295 371 606 968 969 1415 
608 261 592 624 1284 
609 35 527 542 610 
610 404 609 951 1318 1356 
611 138 179 612 613 614 
612 611 676 918 1190 
613 209 552 560 611 1345 
614 611 655 1099 1154 
615 616 811 1100 1400 
616 208 615 680 918 
617 19 189 586 618 1119 
618 91 617 1185 1327 
619 89 220 643 1126 
620 42 124 532 1035 1210 1470 
621 371 622 623 1350 
622 621 956 1006 1145 1420 
623 26 621 706 1038 1271 
624 608 625 626 1226 
625 474 624 1270 1340 1416 
626 624 657 1009 1123 
627 628 629 693 1158 
628 627 708 1202 1416 1431 
629 627 792 1103 1511 
630 417 474 582 1047 1429 
631 19 412 632 633 
632 631 657 1112 1157 
633 198 569 631 1461 
634 167 506 590 635 636 
635 342 634 868 1132 
636 634 761 819 918 1106 
637 198 202 410 638 700 1270 
638 422 637 1005 1277 1395 
639 640 641 642 643 
640 360 639 752 1000 
641 639 662 773 942 953 
642 575 639 686 1205 
643 335 619 639 997 
644 312 645 646 647 
645 644 728 1138 1481 
646 70 120 391 419 644 748 1193 
647 644 778 936 940 1076 1392 1514 
648 77 649 1181 1189 1402 
649 229 437 648 689 
650 21 316 651 652 653 654 
651 116 171 650 979 
652 194 275 650 1082 
653 544 579 650 1219 
654 317 650 937 1059 1465 
655 614 656 687 1221 
656 211 655 896 1274 
657 219 626 632 658 659 660 
658 277 326 657 1041 1407 
659 299 378 657 729 841 1334 
660 27 450 657 1195 
661 601 849 906 1473 1501 
662 314 641 923 1328 
663 194 231 686 1471 
664 418 665 908 1158 
665 323 664 1256 1488 
666 170 590 667 668 1088 
667 193 666 1312 1421 
668 666 705 914 989 
669 293 528 867 1362 
670 293 916 1141 1335 
671 55 76 672 1204 
672 671 769 1238 1484 
673 50 88 674 675 
674 673 789 1018 1154 
675 116 406 673 948 
676 110 612 796 864 865 
677 174 242 678 679 
678 677 949 950 1002 
679 677 744 745 1210 
680 52 222 616 681 682 
681 344 437 680 1106 
682 195 265 680 1313 
683 353 507 684 685 
684 683 1169 1209 1484 
685 71 683 751 1514 
686 192 642 663 687 688 
687 655 686 800 913 
688 286 483 686 925 
689 433 579 649 1162 
690 278 373 851 912 
691 448 593 887 1213 
692 593 1062 1171 1211 
693 593 627 764 765 
694 695 696 697 1019 1164 
695 201 694 1087 1098 1189 1221 
696 80 694 835 1356 
697 61 694 796 1356 
698 399 544 699 927 1396 
699 387 698 704 743 839 1335 
700 477 479 637 701 
701 700 1168 1413 1420 
702 703 792 1092 1389 1502 
703 702 972 1228 1474 
704 389 699 859 1238 
705 389 668 882 1273 
706 1 149 623 1144 
707 250 387 730 929 
708 32 33 290 628 736 
709 323 710 711 1200 1406 
710 225 709 780 1056 1134 1482 
711 709 1260 1390 1511 
712 525 536 933 1008 
713 714 715 716 1011 
714 133 143 713 1127 1457 
715 252 713 726 1111 
716 713 862 1344 1413 
717 340 718 719 720 
718 111 128 717 1298 
719 77 341 717 1292 
720 180 717 1282 1421 
721 302 563 1125 1360 
722 117 488 723 822 
723 722 1013 1058 1449 
724 284 725 726 727 
725 724 1086 1156 1397 1431 
726 715 724 1206 1250 1308 
727 63 186 724 964 1010 
728 376 500 645 1262 1373 
729 217 567 659 1152 
730 95 96 139 707 
731 605 732 733 734 
732 731 845 950 1113 
733 253 368 731 862 
734 118 478 731 1006 1033 1435 
735 35 484 501 506 
736 271 708 779 1112 
737 217 282 442 738 
738 48 149 415 737 956 1198 
739 242 395 773 1064 
740 272 741 742 743 818 
741 492 740 977 1330 1339 
742 193 740 1273 1281 
743 699 740 1142 1219 
744 271 679 805 911 1006 1445 
745 267 402 679 1014 1017 
746 29 296 1243 1409 
747 132 296 299 311 879 
748 36 646 760 1479 
749 346 855 985 1097 1100 
750 170 602 751 752 1419 
751 685 750 763 1278 1448 
752 400 406 640 750 1079 1150 1237 
753 443 462 568 1456 
754 195 273 755 1328 1480 
755 458 754 860 895 1418 
756 199 757 758 1307 
757 257 756 812 873 1180 
758 1 102 756 1225 
759 115 339 577 1115 1339 
760 11 339 427 522 748 
761 636 762 763 880 888 1504 
762 275 574 761 974 1131 
763 136 751 761 1186 
764 397 693 1113 1314 1338 1434 
765 693 870 1159 1266 
766 189 767 770 993 
767 445 766 1128 1185 
768 115 374 769 1481 
769 51 248 672 768 
770 82 175 766 771 772 
771 23 281 770 1351 
772 117 770 906 964 1017 1037 1394 
773 641 739 1240 1496 
774 424 465 571 775 
775 495 774 803 883 955 
776 60 777 778 942 
777 294 522 597 776 
778 551 647 776 1078 1161 1304 
779 472 736 1122 1423 1456 
780 472 710 988 1035 
781 782 783 1268 1409 
782 108 516 781 1101 
783 556 781 926 1254 
784 785 786 787 1294 
785 133 410 784 1397 
786 489 784 1255 1407 1451 
787 784 845 1034 1152 
788 161 428 905 1283 
789 353 428 575 674 
790 346 428 485 952 
791 231 428 521 960 
792 629 702 793 1464 
793 151 297 557 792 814 892 1002 1503 
794 195 795 796 923 
795 794 983 1081 1480 
796 61 676 697 794 1477 
797 798 1069 1248 1404 
798 177 605 797 957 
799 315 800 1163 1319 
800 687 799 1090 1336 
801 565 802 803 974 1023 
802 801 944 1220 1274 
803 588 775 801 1227 
804 65 805 806 807 
805 297 311 744 804 1211 1468 
806 18 329 804 1046 1067 
807 107 804 1129 1254 
808 76 166 356 809 810 811 
809 182 264 808 1440 
810 115 265 387 808 819 961 1105 
811 94 250 615 808 
812 92 290 757 813 814 
813 476 812 834 1487 
814 793 812 1201 1378 
815 101 284 816 817 
816 151 815 1040 1321 
817 132 243 559 815 1407 
818 114 272 740 819 
819 539 636 810 818 
820 595 821 822 823 
821 820 1027 1089 1327 
822 722 820 1268 1426 1434 1476 
823 524 820 1196 1393 1441 
824 384 436 825 1367 
825 249 375 824 943 
826 36 492 921 1510 
827 828 1006 1317 1332 1420 
828 547 827 1149 1475 
829 395 416 1443 1485 
830 831 1177 1286 1317 1424 1488 
831 29 197 830 1458 1493 
832 536 592 893 1075 1123 
833 308 536 834 1239 
834 595 813 833 1230 
835 21 518 696 1479 
836 337 837 1108 1427 
837 836 861 1403 1419 
838 199 872 1109 1314 
839 699 840 961 1072 
840 73 380 839 894 
841 659 842 1112 1508 
842 188 841 1248 1359 
843 844 845 846 956 
844 843 869 1156 1500 
845 133 732 787 843 1083 
846 38 843 1015 1378 
847 260 295 848 849 
848 847 853 1377 1473 
849 661 847 1046 1458 
850 603 999 1279 1504 
851 134 690 852 853 854 
852 152 226 510 851 1151 1177 
853 848 851 967 1456 
854 245 525 851 1037 1070 1461 
855 749 856 857 858 
856 193 220 855 923 1233 1329 
857 335 855 938 1020 
858 58 121 436 855 922 
859 544 704 928 1204 1262 
860 598 755 861 895 
861 180 837 860 1366 
862 143 716 733 863 1092 1332 
863 862 1093 1101 1344 
864 60 676 928 989 
865 286 676 868 884 1080 
866 93 96 430 867 
867 669 866 994 1283 
868 635 865 1237 1428 
869 844 870 871 872 873 
870 475 765 869 1103 
871 869 1113 1146 1451 
872 557 838 869 1431 
873 757 869 934 1268 1455 
874 335 493 1097 1189 
875 156 250 345 1375 
876 246 452 601 877 1441 
877 27 876 958 1160 
878 64 254 1029 1473 
879 586 747 1117 1244 
880 204 364 761 881 882 
881 484 514 880 943 
882 705 880 1227 1328 1484 
883 129 775 1306 1452 
884 58 865 885 1512 
885 229 884 897 945 
886 343 470 1099 1261 
887 66 691 1075 1171 
888 208 761 889 890 
889 888 905 971 1106 
890 162 888 1165 1358 
891 278 892 967 1486 
892 793 891 1008 1459 
893 582 832 1377 1413 
894 388 456 538 840 
895 223 755 860 896 897 
896 193 248 656 895 
897 885 895 994 1081 
898 358 371 476 899 900 1505 
899 898 1446 1468 1497 
900 898 1252 1309 1424 
901 42 125 902 903 
902 511 901 1271 1506 
903 901 1287 1314 1417 1464 
904 161 923 1150 1498 
905 788 889 1060 1412 
906 468 661 772 907 
907 906 1026 1069 1455 
908 28 402 664 909 1456 
909 246 908 1052 1501 
910 358 594 911 912 1231 1404 
911 744 910 1340 1355 
912 690 910 1044 1208 
913 4 687 1209 1301 
914 13 205 668 915 
915 172 914 959 1402 
916 3 212 670 994 
917 206 918 919 920 921 922 
918 542 612 616 636 917 1320 
919 76 465 917 982 1169 1235 
920 172 426 917 1130 
921 356 361 826 917 
922 200 858 917 1316 
923 662 794 856 904 
924 382 1043 1135 1386 
925 429 440 598 688 1349 1489 
926 545 558 783 927 1505 
927 698 926 962 1201 1441 
928 57 859 864 1018 
929 264 354 707 930 931 1384 
930 342 929 1096 1205 
931 36 229 929 1375 
932 448 1093 1128 1249 
933 308 369 475 712 
934 873 1009 1152 1342 
935 140 424 590 1001 
936 53 77 588 647 1392 
937 20 429 654 938 
938 120 466 857 937 948 
939 146 507 1132 1186 1320 1489 1492 
940 647 941 1403 1507 
941 287 455 940 1303 1348 1514 
942 195 206 641 776 
943 470 825 881 944 
944 802 943 966 981 989 
945 120 135 552 885 946 947 
946 156 405 945 1025 
947 169 390 436 945 996 
948 675 938 1356 1401 1427 
949 418 678 1095 1355 1462 
950 284 678 732 1003 
951 287 610 952 996 
952 57 265 790 951 
953 10 292 294 641 1329 
954 310 349 1058 1231 
955 4 122 775 1220 
956 65 622 738 843 
957 798 958 1069 1114 
958 877 957 1379 1435 
959 482 494 572 915 1060 1329 1408 
960 97 482 791 1169 
961 359 810 839 1098 1220 
962 585 927 963 964 965 
963 358 531 962 1089 1450 
964 727 772 962 1470 
965 417 962 1300 1430 
966 53 237 944 1191 
967 511 853 891 968 1176 
968 607 967 1197 1398 
969 84 401 607 970 
970 969 1224 1315 1503 
971 338 388 889 1153 
972 199 703 1294 1464 
973 578 974 1362 1498 
974 4 762 801 973 
975 398 535 976 1425 1445 
976 124 218 975 991 1380 
977 182 741 978 1276 
978 239 319 977 1509 
979 466 651 1018 1291 
980 390 466 493 1096 
981 11 273 439 944 982 
982 14 919 981 1150 1507 
983 16 248 449 795 1126 
984 50 546 1141 1221 
985 73 749 986 1385 
986 10 985 1001 1221 
987 381 456 1247 1310 
988 31 83 780 1343 1437 
989 404 668 864 944 1126 
990 0 537 1270 1309 
991 473 976 992 1252 
992 216 991 1496 1500 
993 48 330 478 766 
994 434 867 897 916 1358 
995 170 507 996 997 998 999 
996 355 543 947 951 995 
997 643 995 1181 1396 
998 229 995 1163 1442 
999 386 850 995 1147 
1000 21 640 1169 1175 
1001 21 87 522 935 986 
1002 678 793 1003 1004 1455 
1003 950 1002 1068 1107 1377 
1004 102 284 1002 1051 1200 1350 
1005 188 638 1006 1070 
1006 622 734 744 827 1005 
1007 154 1008 1103 1368 
1008 712 892 1007 1093 1508 
1009 176 516 626 934 1378 
1010 66 102 409 727 1051 
1011 713 1012 1013 1435 
1012 365 1011 1405 1449 
1013 235 307 723 1011 
1014 27 545 745 1128 
1015 846 1107 1309 1460 
1016 1017 1364 1432 1494 
1017 745 772 1016 1044 1499 
1018 293 405 674 928 979 
1019 264 390 432 597 694 
1020 514 551 857 1170 
1021 597 1022 1023 1024 1465 
1022 456 1021 1125 1219 
1023 801 1021 1073 1253 
1024 87 265 1021 1080 
1025 165 362 946 1267 
1026 448 907 1266 1410 
1027 64 513 821 1028 1393 
1028 1027 1155 1397 1511 
1029 225 878 1030 1325 1433 
1030 305 383 402 1029 1263 
1031 173 358 1032 1494 
1032 185 1031 1055 1056 
1033 269 330 734 1034 
1034 68 787 1033 1053 1242 
1035 620 780 1101 1172 1357 1475 
1036 1037 1038 1107 1244 
1037 772 854 1036 1501 
1038 153 623 1036 1177 
1039 329 1040 1041 1042 
1040 350 473 816 1039 1340 1382 
1041 460 658 1039 1260 
1042 29 257 1039 1152 1300 1425 
1043 383 924 1044 1433 
1044 441 912 1017 1043 1426 
1045 153 1157 1323 1494 
1046 153 806 849 1107 
1047 330 540 630 1048 
1048 176 531 1047 1057 1435 
1049 1050 1051 1052 1053 1054 
1050 510 1049 1085 1499 
1051 19 1004 1010 1049 1174 
1052 460 909 1049 1255 1377 
1053 1034 1049 1269 1315 
1054 270 599 1049 1211 
1055 254 1032 1144 1255 1399 
1056 558 710 1032 1271 
1057 480 1048 1199 1266 
1058 84 101 324 723 954 
1059 375 392 654 1060 
1060 905 959 1059 1099 1214 
1061 64 467 1062 1224 
1062 692 1061 1413 1474 
1063 39 568 592 1341 1470 
1064 739 1065 1066 1067 1333 
1065 1064 1166 1252 1289 1334 1411 
1066 461 1064 1123 1488 
1067 806 1064 1225 1398 
1068 174 1003 1069 1070 
1069 256 797 907 957 1068 1145 1212 1213 
1070 854 1005 1068 1083 1342 1343 
1071 320 563 587 1072 1073 
1072 62 839 1071 1175 
1073 1023 1071 1273 1293 1512 
1074 84 414 1075 1462 
1075 832 887 1074 1250 1399 
1076 237 343 363 647 
1077 20 60 1078 1079 1080 
1078 210 778 1077 1366 
1079 201 529 752 1077 
1080 529 865 1024 1077 
1081 341 362 795 897 
1082 110 276 565 652 
1083 401 845 1070 1441 
1084 194 337 426 1258 
1085 148 1050 1086 1378 
1086 725 1085 1404 1410 
1087 70 695 1088 1383 
1088 381 561 666 1087 
1089 821 963 1354 1491 
1090 162 800 1091 1209 
1091 1090 1336 1349 1440 
1092 213 702 862 1093 
1093 863 932 1008 1092 1446 1450 
1094 85 413 480 1095 
1095 949 1094 1277 1508 
1096 930 980 1097 1098 
1097 51 111 749 874 1096 
1098 111 695 961 1096 
1099 247 614 886 1060 1367 
1100 490 588 615 749 
1101 782 863 1035 1102 1497 
1102 322 1101 1152 1300 
1103 537 629 870 1007 1457 
1104 80 588 1187 1237 
1105 810 1106 1276 1436 
1106 636 681 889 1105 1275 
1107 1003 1015 1036 1046 
1108 79 598 836 1472 
1109 367 488 838 1110 1111 
1110 40 1109 1195 1232 
1111 63 715 1109 1257 
1112 104 632 736 841 1113 
1113 305 408 732 764 871 1112 1263 
1114 957 1119 1429 1459 
1115 212 759 1116 1401 
1116 560 1115 1193 1220 
1117 524 879 1118 1119 
1118 1117 1159 1217 1218 1386 1414 
1119 397 497 617 1114 1117 
1120 246 1394 1405 1508 
1121 350 442 1122 1123 
1122 779 1121 1417 1437 1468 
1123 626 832 1066 1121 
1124 156 1125 1278 1319 1358 
1125 721 1022 1124 1179 1383 
1126 454 619 983 989 1442 
1127 6 202 297 714 
1128 576 767 932 1014 1129 
1129 807 1128 1197 1420 
1130 157 158 920 1403 
1131 72 430 577 762 1132 
1132 635 939 1131 1454 1510 
1133 40 351 373 1354 1382 
1134 254 298 710 1135 
1135 377 924 1134 1393 1463 
1136 201 392 449 1141 
1137 162 438 484 1191 
1138 88 438 645 1298 
1139 1140 1141 1142 1143 
1140 466 1139 1253 1320 
1141 210 670 984 1136 1139 1466 
1142 551 743 1139 1161 1480 
1143 501 1139 1161 1408 
1144 25 256 604 706 1055 1145 1146 
1145 29 369 622 1069 1144 
1146 871 1144 1151 1432 
1147 57 999 1259 1328 
1148 280 284 349 1149 1251 1398 
1149 828 1148 1459 1493 
1150 356 752 904 982 
1151 177 487 852 1146 1353 
1152 729 787 934 1042 1102 1177 1342 
1153 391 971 1154 1279 
1154 614 674 1153 1183 
1155 118 310 1028 1307 
1156 549 725 844 1157 
1157 203 632 1045 1156 1241 
1158 104 627 664 1420 
1159 44 765 1118 1160 
1160 39 877 1159 1226 
1161 434 778 1142 1143 
1162 145 301 689 1219 
1163 799 998 1164 1165 
1164 122 201 360 694 1163 1322 
1165 483 890 1163 1204 
1166 383 1065 1167 1168 
1167 545 1166 1249 1500 
1168 408 701 1166 1201 1252 1394 1405 
1169 684 919 960 1000 
1170 94 564 1020 1448 
1171 255 268 512 692 887 1172 
1172 261 1035 1171 1462 
1173 368 398 1212 1371 
1174 47 278 1051 1200 
1175 167 1000 1072 1267 
1176 444 459 541 967 1177 
1177 131 186 262 830 852 1038 1152 1176 1200 
1178 1179 1205 1306 1484 
1179 140 158 1125 1178 1442 1483 
1180 214 324 757 1224 
1181 430 440 554 648 997 1182 1183 
1182 89 1181 1365 1448 
1183 456 1154 1181 1313 
1184 108 283 476 1185 1323 
1185 132 618 767 1184 
1186 239 763 939 1187 
1187 287 1104 1186 1233 
1188 16 314 446 1189 
1189 648 695 874 1188 
1190 612 1191 1192 1387 
1191 966 1137 1190 1216 
1192 98 431 1190 1373 
1193 158 432 646 1116 
1194 92 398 1195 1222 
1195 660 1110 1194 1230 1411 
1196 100 150 479 823 1197 
1197 131 410 968 1129 1196 
1198 190 738 1199 1389 
1199 377 462 1057 1198 1341 
1200 709 1004 1174 1177 
1201 479 814 927 1168 1390 
1202 197 628 1369 1415 
1203 68 504 1224 1381 
1204 313 501 671 859 1165 1319 
1205 437 642 930 1178 
1206 468 726 1207 1208 
1207 271 1206 1379 1473 
1208 416 912 1206 1371 
1209 337 684 913 1090 
1210 46 620 679 1211 1429 
1211 692 805 1054 1210 
1212 422 1069 1173 1406 
1213 18 28 691 1069 1257 
1214 72 208 434 1060 
1215 97 116 526 1489 
1216 116 286 1191 1383 
1217 39 1118 1218 1223 
1218 1118 1217 1450 1502 
1219 420 653 743 1022 1162 
1220 572 802 955 961 1116 
1221 655 695 984 986 
1222 396 509 1194 1223 
1223 1217 1222 1394 1395 
1224 178 396 970 1061 1180 1203 1225 
1225 19 758 1067 1224 
1226 17 401 624 1160 
1227 539 803 882 1453 
1228 278 461 703 1266 
1229 60 139 455 1492 
1230 143 178 556 834 1195 
1231 44 910 954 1232 
1232 331 512 1110 1231 
1233 553 856 1187 1234 1235 
1234 447 552 1233 1447 
1235 400 919 1233 1448 
1236 24 150 576 600 
1237 752 868 1104 1238 1400 
1238 205 275 672 704 1237 
1239 189 524 541 833 1240 
1240 68 351 773 1239 
1241 218 325 1157 1242 
1242 1034 1241 1270 1463 
1243 126 559 746 1244 1458 
1244 322 879 1036 1243 
1245 77 1246 1247 1330 
1246 15 1245 1298 1408 
1247 987 1245 1335 1481 
1248 233 606 797 842 
1249 103 296 932 1167 
1250 726 1075 1307 1405 1411 
1251 531 600 1148 1369 
1252 900 991 1065 1168 
1253 352 1023 1140 1362 
1254 233 326 783 807 1255 1256 
1255 786 1052 1055 1254 
1256 665 1254 1340 1344 
1257 186 1111 1213 1391 
1258 571 1084 1259 1367 
1259 208 1147 1258 1361 
1260 83 515 711 1041 
1261 75 95 361 886 1262 
1262 589 728 859 1261 
1263 245 525 1030 1113 
1264 49 329 1265 1398 
1265 309 586 1264 1474 
1266 443 765 1026 1057 1228 
1267 316 1025 1175 1302 
1268 781 822 873 1269 
1269 7 383 473 1053 1268 
1270 625 637 990 1242 
1271 623 902 1056 1364 1457 1475 
1272 289 487 594 1451 
1273 705 742 1073 1365 
1274 250 656 802 1275 
1275 160 1106 1274 1335 1510 
1276 160 977 1105 1483 
1277 278 638 1095 1284 
1278 113 264 751 1124 
1279 122 239 850 1153 
1280 20 574 1281 1282 1375 1477 
1281 742 1280 1310 1392 
1282 15 720 1280 1427 
1283 54 209 552 788 867 
1284 608 1277 1285 1406 
1285 85 1284 1299 1502 
1286 108 304 830 1287 
1287 124 903 1286 1374 
1288 305 383 557 1459 
1289 267 394 1065 1420 1503 
1290 145 333 338 1291 
1291 79 419 538 979 1290 1402 1419 
1292 77 602 719 1293 
1293 98 121 1073 1292 1328 
1294 422 450 784 972 
1295 36 457 484 1296 
1296 75 434 1295 1388 
1297 4 59 99 1370 
1298 320 554 560 718 1138 1246 
1299 217 594 600 1285 
1300 965 1042 1102 1410 
1301 302 313 913 1302 
1302 69 386 1267 1301 
1303 114 128 941 1304 
1304 172 778 1303 1483 
1305 301 364 500 571 
1306 361 883 1178 1385 1504 
1307 254 299 756 1155 1250 
1308 350 548 726 1389 
1309 348 900 990 1015 
1310 87 987 1281 1346 
1311 238 588 1312 1367 
1312 161 249 667 1311 
1313 192 200 682 1183 1402 
1314 117 764 838 903 
1315 311 548 970 1053 
1316 122 352 922 1330 
1317 307 569 827 830 
1318 138 482 543 610 
1319 94 799 1124 1204 
1320 380 918 939 1140 
1321 308 378 416 816 
1322 88 303 340 429 1164 
1323 49 1045 1184 1324 1325 
1324 350 1323 1460 1485 
1325 488 1029 1323 1374 
1326 40 270 281 1327 
1327 24 618 821 1326 
1328 163 662 754 882 1147 1293 1512 
1329 363 856 953 959 
1330 315 741 1245 1316 1331 
1331 73 136 1330 1447 
1332 91 548 827 862 
1333 105 576 1064 1334 
1334 659 1065 1333 1376 
1335 670 699 1247 1275 
1336 221 286 800 1091 
1337 305 397 584 1338 
1338 188 764 1337 1352 1461 
1339 121 338 741 759 
1340 625 911 1040 1256 1350 
1341 468 584 1063 1199 
1342 934 1070 1152 1434 
1343 107 408 988 1070 
1344 174 716 863 1256 
1345 71 613 1346 1510 
1346 494 1310 1345 1403 
1347 148 185 325 349 592 
1348 346 406 501 941 
1349 168 561 925 1091 
1350 259 621 1004 1340 
1351 0 8 771 1352 1353 
1352 144 280 1338 1351 
1353 125 173 480 1151 1351 
1354 442 540 1089 1133 1505 
1355 478 911 949 1491 
1356 610 696 697 948 
1357 34 278 1035 1386 
1358 375 890 994 1124 
1359 196 225 547 842 1490 
1360 427 721 1361 1362 1396 
1361 128 303 1259 1360 
1362 169 236 669 973 1253 1360 1363 
1363 347 457 1362 1375 
1364 213 268 1016 1271 
1365 93 440 1182 1273 
1366 72 294 861 1078 
1367 824 1099 1258 1311 
1368 262 322 476 1007 
1369 269 321 1202 1251 
1370 136 528 1297 1440 
1371 283 461 1173 1208 1372 
1372 142 149 513 1371 1397 
1373 93 399 728 1192 1513 
1374 243 1287 1325 1505 
1375 875 931 1280 1363 
1376 244 441 509 1334 1426 
1377 848 893 1003 1052 
1378 183 251 814 846 1009 1085 
1379 23 141 958 1207 1423 
1380 241 368 443 976 1406 
1381 304 508 533 1203 
1382 32 227 325 443 1040 1133 
1383 1087 1125 1216 1481 
1384 379 517 929 1385 
1385 337 543 985 1306 1384 
1386 28 924 1118 1357 
1387 344 364 1190 1388 
1388 528 1296 1387 1452 
1389 7 90 702 1198 1308 
1390 502 711 1201 1391 
1391 8 134 1257 1390 
1392 501 647 936 1281 
1393 216 823 1027 1135 
1394 103 772 1120 1168 1223 
1395 498 638 1223 1439 
1396 698 997 1360 1427 
1397 185 725 785 1028 1372 
1398 968 1067 1148 1264 1439 
1399 309 445 1055 1075 
1400 159 223 577 615 1237 1401 
1401 211 948 1115 1400 
1402 648 915 1291 1313 
1403 837 940 1130 1346 1421 1492 
1404 331 382 441 797 910 1086 
1405 1012 1120 1168 1250 
1406 709 1212 1284 1380 1497 
1407 658 786 817 1433 
1408 157 959 1143 1246 
1409 186 202 746 781 1410 
1410 1026 1086 1300 1409 
1411 1065 1195 1250 1446 
1412 121 554 905 1507 
1413 701 716 893 1062 
1414 17 173 469 1118 
1415 48 607 1202 1501 
1416 33 47 625 628 
1417 304 329 903 1122 
1418 16 439 546 755 
1419 406 750 837 1291 
1420 622 701 827 1129 1158 1289 
1421 424 667 720 1403 
1422 433 563 578 587 
1423 779 1379 1424 1467 
1424 830 900 1423 1455 
1425 198 975 1042 1426 
1426 822 1044 1376 1425 
1427 316 836 948 1282 1396 1428 
1428 385 464 868 1427 1512 
1429 630 1114 1210 1430 1495 
1430 101 245 965 1429 
1431 444 628 725 872 
1432 82 415 1016 1146 
1433 289 605 1029 1043 1407 
1434 764 822 1342 1497 
1435 537 734 958 1011 1048 
1436 80 552 1105 1477 
1437 23 476 988 1122 
1438 14 193 360 1454 
1439 103 477 1395 1398 
1440 209 809 1091 1370 
1441 258 823 876 927 1083 
1442 431 998 1126 1179 
1443 30 829 1444 1501 
1444 82 252 570 1443 
1445 213 257 744 975 
1446 277 460 899 1093 1411 
1447 405 1234 1331 1448 
1448 751 1170 1182 1235 1447 
1449 37 723 1012 1482 
1450 475 963 1093 1218 
1451 445 786 871 1272 
1452 110 112 883 1388 1510 
1453 127 137 562 1227 
1454 286 303 1132 1438 
1455 262 873 907 1002 1424 
1456 753 779 853 908 
1457 714 1103 1271 1476 
1458 176 831 849 1243 
1459 892 1114 1149 1288 
1460 107 1015 1324 1461 
1461 633 854 1338 1460 
1462 100 949 1074 1172 
1463 289 422 584 1135 1242 
1464 24 586 792 903 972 
1465 206 577 654 1021 
1466 205 385 528 1141 
1467 241 373 1423 1468 
1468 188 414 805 899 1122 1467 1506 
1469 98 314 484 565 
1470 235 252 372 489 620 964 1063 
1471 11 355 362 663 
1472 313 338 359 1108 
1473 307 421 661 848 878 1207 
1474 547 703 1062 1265 1475 
1475 828 1035 1271 1474 
1476 244 451 822 1457 
1477 193 796 1280 1436 
1478 222 343 500 598 
1479 313 598 748 835 
1480 137 754 795 1142 
1481 392 645 768 1247 1383 
1482 46 184 710 1449 
1483 96 1179 1276 1304 
1484 519 672 684 882 1178 
1485 304 474 829 1324 
1486 256 377 409 891 1487 
1487 415 532 813 1486 
1488 549 665 830 1066 
1489 386 925 939 1215 
1490 152 184 1359 1491 
1491 203 1089 1355 1490 
1492 53 939 1229 1403 
1493 261 288 831 1149 
1494 477 508 557 1016 1031 1045 
1495 104 310 508 1429 
1496 32 397 773 992 
1497 580 585 899 1101 1406 1434 
1498 192 292 904 973 
1499 41 566 1017 1050 
1500 570 844 992 1167 
1501 661 909 1037 1415 1443 
1502 0 702 1218 1285 
1503 304 793 970 1289 
1504 111 761 850 1306 
1505 898 926 1354 1374 
1506 104 328 902 1468 
1507 3 453 940 982 1412 
1508 841 1008 1095 1120 
1509 119 264 400 978 
1510 826 1132 1275 1345 1452 
1511 235 629 711 1028 
1512 884 1073 1328 1428 
1513 319 427 464 1373 
1514 168 647 685 941 
